1.630470066386638 
1.6304218746553505 
1.6304652494584406 
1.6304695847161734 
1.6304700182197847 
1.6304700615698806 
1.6496267871470485 
0.004112575875915701 
0.0041125039691117336 
0.0041117851468622044 
0.004101479542431274 
0.003961298962628259 
0.002991708421103698 
0.0022537079756263204 
0.0019870685926333806 
0.0018432644415230953 
0.001716204783732069 
0.0015737762921936944 
0.0014162645426807276 
0.0012669527721534354 
0.0011340762832060473 
0.001019912042371525 
0.0009273125323257456 
0.000860415645463493 
0.000811534382951421 
0.0007705684695103084 
0.0007330527624427311 
0.0007154094966699849 
0.0007154091685525403 
0.000759959298308338 
0.0007599564837931882 
0.0007599283434350145 
0.0007595240263979529 
0.0007538761596311427 
0.0006952357446729312 
0.0005497506116885018 
0.0005452367189654521 
0.0005414291683215116 
0.0005380727934687838 
0.0005340882745920593 
0.000529311242101662 
0.0005235522326073336 
0.0005167690444161215 
0.000508969900634484 
0.0005004759820112111 
0.000491618425523143 
0.00048293230758527554 
0.0004752477921715279 
0.00046907522135954463 
0.0004143553743528011 
0.0004143539987431154 
0.0004143402473001372 
0.00041414310816740446 
0.0004114733276478744 
0.00039293559588692706 
0.0003929509072971698 
0.00038352662474985637 
0.0003843602178706485 
0.00038507821956695215 
0.00038416768637995573 
0.00038291814608382537 
0.0003822092878451578 
0.000381654610937142 
0.00038113463900064633 
0.00038056866756031407 
0.00037988999262423195 
0.00037904884315534567 
0.0003779986556849566 
0.0003767184296039696 
0.0003336581319950258 
0.0003336911935253752 
0.0003340224394706799 
0.00033907939852811025 
0.0014052007735549197 
1.9778729803778279 
1.9778729803778279 
1.9778729803778279 
39.05358034182679 
39.05358034182679 
39.05358034182679 
59.26730442311241 
59.26730442311241 
59.26730442311241 
80.9974386972813 
80.9974386972813 
80.9974386972813 
87.76904345767615 
87.76904345767615 
87.76904345767615 
4.505060206233313 
4.505195520617829 
4.505073737819896 
4.505061559393534 
4.505060341549422 
4.505060219764742 
4.469184671490288 
0.011388680927556474 
0.011388162309115145 
0.011382982794977445 
0.011309615584063019 
0.010438465605403463 
0.006768424273579389 
0.004243232706981682 
0.0033062709880079255 
0.0028212489323561803 
0.0024971786247037875 
0.0022487612260714434 
0.002032385984472508 
0.0018391395878856055 
0.0016635887944481545 
0.0015019025331853685 
0.0013561455137514327 
0.001236899026022001 
0.0011507471781875339 
0.0010903273537467453 
0.0010460809228757906 
0.0010045083061466155 
0.0009601326287735424 
0.0009151754387685468 
0.000874739054247738 
0.0008407477093076067 
0.0008134015180774384 
0.000793414804257548 
0.000779163484813483 
0.0007683834581533285 
0.0007609864383095398 
0.000755823334374138 
0.0007519426592540784 
0.0007490783764176256 
0.0007469746790315398 
0.000745349724667125 
0.0007440487462180489 
0.0007429448432067054 
0.0007419852640056166 
0.0007411797858690859 
0.000740530614525729 
0.000701443441603968 
0.0007014434360170594 
0.0006272005623166415 
0.0006272005584623207 
0.0005657612848780277 
0.0005657612822453496 
0.0005393062091113612 
0.0005393062070822385 
0.0005280390047552193 
0.000528039002935155 
0.0005227516416608722 
0.000522751639875703 
0.0005201750241313279 
0.0005201750223109031 
0.0005189403560714538 
0.0005189403540717038 
0.0005183487119271824 
0.0005183487090184366 
4.486256951765944 
