2.4186127672911137e8 
2.4186127672911137e8 
2.4186127672911137e8 
2.4186127672911137e8 
2.4186127672911137e8 
2.4186127672911137e8 
2.4186127672911137e8 
2.4186127672911137e8 
2.4186127672911137e8 
2.4186127672911137e8 
2.4186127672911137e8 
2.4186127672896865e8 
2.4186127672911137e8 
2.4186127672905797e8 
2.4186127672911137e8 
2.4186127672908556e8 
2.4186127672911137e8 
2.418612767290688e8 
2.4186127672911137e8 
2.4186127672911137e8 
757.304640840139 
923.8767866461811 
1115.9369769583232 
1115.8561172195564 
1115.9288819548362 
1115.9361673728552 
1115.9368960094444 
1115.936968882696 
