1604.0894769672077 
1583.0882582729787 
1563.3290683194796 
1544.7534937195103 
1495.0153678447605 
1453.0180639557675 
1343.5664949641352 
1243.9280382398401 
948.4289784061075 
726.8541363040699 
563.8942228947134 
481.4389986479689 
453.25225764438164 
432.5197601004893 
416.5650716630945 
406.94891966570833 
400.2266952244406 
394.09040315130244 
387.2840331884053 
380.3981033312034 
376.55096362744587 
385.87609778463116 
385.76785348768294 
384.75744800663915 
378.391785800461 
368.7983258356477 
366.7849856303648 
363.5001510264086 
358.6332184326083 
354.2465704074467 
354.3606804286486 
352.65875979737234 
349.0175056886797 
346.42232741364 
343.4315765300954 
341.5011358672642 
347.47356532810926 
343.0567935605903 
337.9645332787196 
336.9014814778752 
334.44305049379597 
329.94333884096284 
327.2790887188345 
339.4319411304501 
333.7635788777775 
325.32564604125423 
323.66940918670593 
321.9363625837213 
319.78937060157614 
325.44358474783456 
316.17875302000505 
314.7386008253561 
310.9955208169142 
308.0220286987929 
302.98182063967135 
301.2258167721919 
299.7931683274989 
297.502209541074 
294.88160287539955 
292.1877158319188 
289.33561359537856 
285.9298941903038 
281.98954936873065 
278.87279572848723 
276.03820376595843 
274.4469648038105 
272.2452609121726 
273.73644793511914 
273.6902728475316 
273.2717295612017 
271.128905027164 
269.6112474160871 
268.96623947466844 
268.36958674338564 
267.48887480503265 
266.5858274551669 
265.669652465888 
265.00512179580613 
264.5568152130612 
264.2418556353872 
263.98775088769537 
263.78123868050096 
263.58964846362073 
263.43215354574033 
263.30287691942823 
263.1969034576591 
263.1100775348357 
263.03453511640066 
262.9653475295519 
262.89797333086267 
262.844687943912 
262.7947351838252 
262.74978436606955 
262.7070302513607 
262.6654489159975 
262.62591014900516 
262.5870236370583 
262.55326376432686 
262.5256257388723 
262.4985655297438 
228.54521083585007 
228.15537323340442 
227.1531932169043 
226.36630106850262 
225.1032454040173 
224.62001372354564 
224.19224785877253 
223.92871215244392 
223.76066025434366 
223.62987283490725 
223.5326618470972 
223.45044583944258 
223.37556478144052 
223.3103882585967 
223.2493402424708 
223.18861483894216 
223.12426535255372 
223.05749644059838 
222.98877967734046 
222.92739019863694 
222.87158411573222 
222.82489646889695 
222.78182500911055 
222.74469897000978 
222.71384856779 
222.6854724434287 
222.65964842489205 
222.63460491726957 
222.613642350389 
222.59514323315108 
222.6062345491453 
222.6049958626021 
222.59594299003197 
222.5727375697016 
222.55975613040974 
222.5442025562238 
222.52263409516738 
222.50120636469643 
222.48249762465468 
222.46282488532665 
222.44235913660083 
222.42200130434327 
222.40368557331277 
222.38504305568117 
222.36725761690428 
222.35164516429649 
222.33805172422046 
222.32738465358437 
222.3183537504022 
222.3105598139714 
187.7940951623168 
187.81936712518788 
188.07249009660399 
188.32848778286507 
188.82974415295865 
188.50923810030528 
188.37623720878588 
188.20392650321554 
188.06138850475546 
187.93790074760363 
187.8017832011111 
187.68344685908377 
187.5758472984399 
187.47645893975704 
187.38286254004822 
187.29737328272228 
187.21926503204088 
187.1490901404195 
187.0809518309376 
187.01417177662194 
186.94998525486585 
186.8852746684201 
186.82036433267177 
186.76125502799965 
186.70878083065938 
186.66661744702924 
186.62997540334976 
186.59976525649085 
186.57563342225248 
186.55649816378366 
186.54516180176842 
186.5494378303248 
186.5475348118504 
186.5405112977925 
186.5185901516404 
186.50992867349328 
186.50245415038555 
186.4917094474145 
186.4801605541905 
186.4681935483377 
186.4562236152081 
186.44409570242425 
186.43274729218467 
186.42342311087003 
186.41496792279952 
186.40752471606493 
186.4007612526325 
186.394023591157 
186.3875855324372 
186.3817939716547 
169.116963938748 
169.13356632579269 
169.30001528487944 
169.46915012240947 
172.07215656748252 
175.50798058343645 
175.50798058343645 
748.4378795218732 
748.4378795218732 
748.4378795218732 
748.4378795218732 
6.586676792213675e6 
6.586676792213675e6 
6.586676792213675e6 
6.586676792213675e6 
6.586676792213675e6 
1.6276259589779156e8 
1.6276259589779156e8 
1.6276259589779156e8 
2.2152725859056142e8 
2.2152725859056142e8 
2.2152725859056142e8 
2.4185781880808312e8 
2.4185781880808312e8 
2.4185781880808312e8 
2.41861276728027e8 
2.41861276728027e8 
2.41861276728027e8 
2.4186127672911164e8 
2.4186127672911164e8 
172.55462821078706 
168.56871344583396 
166.68621736244123 
165.91105308932464 
165.52242366971305 
165.01498946213889 
164.79510187453008 
164.61409254492997 
164.53077689936234 
164.386657814154 
164.0990126798271 
163.82982432469456 
164.18600322206208 
163.71391445910058 
163.67552411634858 
163.85041726582688 
163.63351139857832 
164.43888007071118 
163.58265064658843 
163.58450063507436 
163.50427264605327 
163.4191828286219 
163.49296318827487 
163.33577138850507 
163.32831977138378 
163.32504648098802 
163.19930140487784 
163.0218136004418 
163.09142291099656 
162.94140360762322 
162.89961130961956 
162.8317488311982 
162.8202740508163 
162.66481794622078 
162.60369073311935 
162.59645581246622 
162.60336943936034 
162.6076792858176 
162.61455296214214 
162.56960892217685 
162.57386774442693 
162.5748998531986 
162.4654262551613 
162.5239803202654 
162.545148328388 
162.48739357156458 
162.49547782241478 
162.48242627515185 
162.50652014140718 
162.40543788329427 
159.56924888145122 
159.578623864981 
159.67216083372506 
159.67216083372506 
164.50586575540035 
164.50586575540035 
164.50586575540035 
164.50586575540035 
160412.19263930898 
160412.19263930898 
160412.19263930898 
160412.19263930898 
160412.19263930898 
7.152438923761741e6 
7.152438923761741e6 
7.152438923761741e6 
1.4404501695862085e8 
1.4404501695862085e8 
1.4404501695862085e8 
1.972807836243386e8 
1.972807836243386e8 
1.972807836243386e8 
2.2725089114545125e8 
2.2725089114545125e8 
2.2725089114545125e8 
2.3588359215851647e8 
2.3588359215851647e8 
2.3588359215851647e8 
2.4025061724584728e8 
2.4025061724584728e8 
2.4186127672910357e8 
2.4186127672910357e8 
2.4186127672910357e8 
2.4186127672911137e8 
2.4186127672911137e8 
158.81268544613616 
158.78412225257378 
158.7415252044049 
158.6948073378784 
158.71946265739166 
158.69118392032595 
158.58591948515289 
326.16829048530775 
158.54088603417884 
2957.508414580553 
158.50324979368895 
40779.62945114429 
158.46561707124843 
1253.8501875327577 
158.42743529870856 
5083.0887623996205 
158.39402837217165 
158.3483297072398 
158.33453217636875 
158.34503218539206 
158.36072208255285 
158.36488588681138 
160.34273024570996 
158.34873749903858 
158.35081199156184 
158.60747007896504 
158.33701161601292 
158.33731635757155 
158.3719331221689 
158.31446700318708 
158.28615735063178 
158.27906168449994 
158.2879984700453 
158.2943204961469 
158.29729298248424 
158.29634128610002 
158.285733437548 
158.28623062736486 
158.27813569844255 
158.43138973470036 
158.28496787455668 
158.25569268114668 
158.24604912603365 
158.24610784809624 
158.23238448034493 
158.23336869916963 
158.24441678392475 
158.2058313002528 
158.21825024690924 
158.22129070505332 
158.0433205233786 
158.0392042809309 
158.03613098171755 
158.02766120620305 
158.02536635067327 
158.0129529334137 
158.01001816042265 
158.01013686909317 
158.0123779904883 
157.9955492390157 
158.00003059117944 
158.00212301033022 
158.0030213644078 
158.37682885520718 
157.99707923072975 
158.03808892999808 
157.98698282372797 
158.00905977749557 
157.98422572876416 
157.98364746986164 
157.98365539582238 
157.9836698418191 
157.98262354460954 
157.98372152679872 
157.98207822095532 
157.98187969782086 
157.98121630331596 
157.98347283052095 
157.98037130420425 
157.980499653454 
157.98051775450585 
158.11250570459873 
157.97801464393933 
157.98213838252173 
157.98043327694216 
157.98018614054428 
157.97978708262002 
158.0000388490061 
157.97961893134828 
157.97948636878118 
157.97952128053646 
157.98000350798605 
157.97930527289228 
157.98282803615308 
157.97879031397585 
157.97836558056431 
157.9783024148976 
157.9783610643176 
157.97326014462737 
157.97825030529407 
157.9693695296177 
157.96930653053343 
157.96926873504594 
157.96922135604382 
157.96921618501392 
157.96919551007983 
157.96919274549532 
157.96914852917953 
157.96918427204218 
157.96918084241543 
157.96918169681402 
0.00024036626526176245 
0.00024036402430898572 
0.0002403660409594705 
0.0002403662428300414 
0.00024036626301859824 
0.00024036626503785434 
0.00024036626526176245 
0.0003989910518542864 
0.00039899056220645815 
0.00039898566581609294 
0.00039891517578597563 
0.0003979036015107867 
0.00038398787802342547 
0.0002938797868224686 
0.0002558191595949064 
0.00022404241370617908 
0.00019587833634931 
0.00017154510312421102 
0.00015134989605590336 
0.00013553303195617872 
0.00012432405744200415 
0.00011695535186055093 
0.00011192742177916335 
0.00010795911215328151 
0.00010442570412676569 
0.0001009254259213389 
9.793229802918672e-5 
9.578302560054817e-5 
9.422400087297344e-5 
9.321920054394933e-5 
9.229252481970945e-5 
9.110658944013481e-5 
8.955149037895535e-5 
8.770588478501147e-5 
8.59121981606342e-5 
8.452992519116347e-5 
8.343659062744771e-5 
8.256846218123714e-5 
8.18116608780557e-5 
8.111810192750312e-5 
8.047886330213823e-5 
7.991498987261775e-5 
7.938746157587853e-5 
7.88436081951826e-5 
7.819659621845068e-5 
7.732849065618708e-5 
7.63840127686662e-5 
7.555491622461571e-5 
7.480866655695589e-5 
7.403115558010197e-5 
7.322721667377028e-5 
7.246228945661058e-5 
7.175087812653136e-5 
7.118489079897377e-5 
7.071188938945966e-5 
7.029260010106905e-5 
6.992473494461785e-5 
6.63872826285125e-5 
6.638728180201383e-5 
5.9609734468674306e-5 
5.960973261421053e-5 
5.630593018087896e-5 
5.630590915840604e-5 
5.630569893745214e-5 
5.630267247194482e-5 
5.625923349240884e-5 
5.566137440803608e-5 
5.513463167866755e-5 
5.057843903463344e-5 
4.921447345509008e-5 
4.8094710976687114e-5 
4.7125379458115076e-5 
4.6878278244366736e-5 
4.680323206541312e-5 
4.672804124197941e-5 
4.665265778743573e-5 
4.6576197058792484e-5 
4.649536144413401e-5 
4.6406727359547134e-5 
4.630955336442592e-5 
4.6203951725273e-5 
4.608674882487802e-5 
4.5961312946580416e-5 
4.5828834640221454e-5 
4.568718592144337e-5 
4.554887124560114e-5 
4.5419826098903334e-5 
4.529711115418877e-5 
4.5189148662848054e-5 
4.509712083031318e-5 
4.50164531305723e-5 
4.494630615955158e-5 
4.488476163586202e-5 
4.483041242459262e-5 
4.478235347857221e-5 
4.473999186848155e-5 
4.470201313347555e-5 
4.4668227260731345e-5 
4.4637573058394384e-5 
4.4610021268663745e-5 
4.4584746998002956e-5 
4.456176217420152e-5 
4.454085266280015e-5 
4.45215624972747e-5 
4.45038903562007e-5 
4.44875811704747e-5 
4.447228854473692e-5 
4.445810138302259e-5 
4.4444796355110866e-5 
4.443247066207096e-5 
4.442110509441151e-5 
4.0380975683336305e-5 
4.0381967428788824e-5 
4.0391893508024906e-5 
4.0536726646627756e-5 
4.0858508837724276e-5 
4.085496420088692e-5 
4.083609769334838e-5 
4.082664436582985e-5 
4.082574914206156e-5 
4.082489345091131e-5 
4.0823722916151046e-5 
4.082221074438093e-5 
4.082022480501835e-5 
4.0817488666630976e-5 
4.0813874765653025e-5 
4.080979837474956e-5 
4.0804953419922565e-5 
4.079880295768728e-5 
4.0790552123421764e-5 
4.0779450958604684e-5 
4.076475332722988e-5 
4.0746224845893944e-5 
4.072583453885087e-5 
4.07044431533838e-5 
4.068167589691714e-5 
4.065932802351986e-5 
4.0639708277119777e-5 
4.062229496301184e-5 
4.0606799195977955e-5 
4.059292194375794e-5 
4.058049909246432e-5 
4.0569067101303406e-5 
4.055847758028928e-5 
4.054853387631831e-5 
4.053911728831781e-5 
4.053030446918627e-5 
4.052197950874945e-5 
4.0514036178539045e-5 
4.0506476515977076e-5 
4.049937369900495e-5 
4.0492564767111297e-5 
4.0486040480728956e-5 
4.047983147727435e-5 
4.0473915388118214e-5 
4.046823999168129e-5 
4.046276453192482e-5 
4.045750342713209e-5 
4.045242268730231e-5 
4.044750098710173e-5 
4.0442752502908174e-5 
3.877407641904929e-5 
3.8774898240184413e-5 
3.8783112706552856e-5 
3.890232404788429e-5 
3.895102389650817e-5 
3.895006664082723e-5 
3.894984493634445e-5 
3.8949631493149665e-5 
3.8949330421408444e-5 
3.8948898123254255e-5 
3.89482781470816e-5 
3.894739022526668e-5 
3.8946121348243956e-5 
3.894433565205868e-5 
3.8942095414994435e-5 
3.893940135760645e-5 
3.89358407321514e-5 
3.893099644889399e-5 
3.892441157503994e-5 
3.8915539086771495e-5 
3.890365013110889e-5 
3.8887978079347964e-5 
3.887063052545322e-5 
3.885420003782137e-5 
3.88389576207564e-5 
3.882536697725948e-5 
3.881349882069351e-5 
3.880283938839182e-5 
3.879316448635658e-5 
3.878420641252099e-5 
3.877585408578655e-5 
3.876797816457903e-5 
3.876036035598415e-5 
3.8753037348024236e-5 
3.8746304974080655e-5 
3.874032418397826e-5 
3.8734939914129565e-5 
3.872999948370324e-5 
3.872544010912334e-5 
3.872112720639312e-5 
3.871698582704531e-5 
3.871303932219602e-5 
3.870924840208141e-5 
3.8705625969507677e-5 
3.870210361140778e-5 
3.869870189224726e-5 
3.869534286889703e-5 
3.869198549603656e-5 
3.86886215936138e-5 
3.868525213539141e-5 
3.7974701438585356e-5 
3.7975393935071996e-5 
3.798228628187381e-5 
3.801277836243256e-5 
3.801266565936022e-5 
3.801203553542001e-5 
3.800784089952905e-5 
3.800753300650059e-5 
3.800729185493746e-5 
3.800697064909997e-5 
3.800653004861015e-5 
3.800593254932665e-5 
3.8005151432411396e-5 
3.8004140563471355e-5 
3.800279926895895e-5 
3.800096733637663e-5 
3.799845596648776e-5 
3.799503609216485e-5 
3.799044700181437e-5 
3.7984458959732965e-5 
3.797702194608851e-5 
3.796851515078782e-5 
3.7960478648961973e-5 
3.79537906468239e-5 
3.794790035730105e-5 
3.794258025281362e-5 
3.793760805269965e-5 
3.7932834615321965e-5 
3.792847047419817e-5 
3.79246322126228e-5 
3.792117242061692e-5 
3.791791982580066e-5 
3.7914714877040326e-5 
3.791155561120709e-5 
3.790851253313836e-5 
3.79055769377531e-5 
3.7902739588011606e-5 
3.789995832453481e-5 
3.7897216036156385e-5 
3.789464277439058e-5 
3.7892284983449764e-5 
3.7890080341730486e-5 
3.788800513316502e-5 
3.78860175264292e-5 
3.788409384195254e-5 
3.788222066302498e-5 
3.788037355898448e-5 
3.7878501383713375e-5 
3.787655465058037e-5 
3.7874511544159784e-5 
3.758665594158346e-5 
3.758665592813137e-5 
3.7515411936959325e-5 
3.751541192897285e-5 
3.7494348703485734e-5 
3.7494348695116866e-5 
0.0002126222392423374 
0.00021261584517776473 
0.00021262159959895254 
0.00021262217527712098 
0.00021262223285074475 
0.00021262223860408843 
0.0002126222392423374 
0.0003989910518542864 
0.00039899056220645815 
0.00039898566581609294 
0.00039891517578597563 
0.0003979036015107867 
0.00038398787802342547 
0.0002938797868224686 
0.0002558191595949064 
0.00022404241370617908 
0.00019587833634931 
0.00017154510312421102 
0.00015134989605590336 
0.00013553303195617872 
0.00012432405744200415 
0.00011695535186055093 
0.00011192742177916335 
0.00010795911215328151 
0.00010442570412676569 
0.0001009254259213389 
9.793229802918672e-5 
9.578302560054817e-5 
9.422400087297344e-5 
9.321920054394933e-5 
9.229252481970945e-5 
9.110658944013481e-5 
8.955149037895535e-5 
8.770588478501147e-5 
8.59121981606342e-5 
8.452992519116347e-5 
8.343659062744771e-5 
8.256846218123714e-5 
8.18116608780557e-5 
8.111810192750312e-5 
8.047886330213823e-5 
7.991498987261775e-5 
7.938746157587853e-5 
7.88436081951826e-5 
7.819659621845068e-5 
7.732849065618708e-5 
7.63840127686662e-5 
7.555491622461571e-5 
7.480866655695589e-5 
7.403115558010197e-5 
7.322721667377028e-5 
7.246228945661058e-5 
7.175087812653136e-5 
7.118489079897377e-5 
7.071188938945966e-5 
7.029260010106905e-5 
6.992473494461785e-5 
6.63872826285125e-5 
6.638728180201383e-5 
5.9609734468674306e-5 
5.960973261421053e-5 
5.630593018087896e-5 
5.630590915840604e-5 
5.630569893745214e-5 
5.630267247194482e-5 
5.625923349240884e-5 
5.566137440803608e-5 
5.513463167866755e-5 
5.057843903463344e-5 
4.921447345509008e-5 
4.8094710976687114e-5 
4.7125379458115076e-5 
4.6878278244366736e-5 
4.680323206541312e-5 
4.672804124197941e-5 
4.665265778743573e-5 
4.6576197058792484e-5 
4.649536144413401e-5 
4.6406727359547134e-5 
4.630955336442592e-5 
4.6203951725273e-5 
4.608674882487802e-5 
4.5961312946580416e-5 
4.5828834640221454e-5 
4.568718592144337e-5 
4.554887124560114e-5 
4.5419826098903334e-5 
4.529711115418877e-5 
4.5189148662848054e-5 
4.509712083031318e-5 
4.50164531305723e-5 
4.494630615955158e-5 
4.488476163586202e-5 
4.483041242459262e-5 
4.478235347857221e-5 
4.473999186848155e-5 
4.470201313347555e-5 
4.4668227260731345e-5 
4.4637573058394384e-5 
4.4610021268663745e-5 
4.4584746998002956e-5 
4.456176217420152e-5 
4.454085266280015e-5 
4.45215624972747e-5 
4.45038903562007e-5 
4.44875811704747e-5 
4.447228854473692e-5 
4.445810138302259e-5 
4.4444796355110866e-5 
4.443247066207096e-5 
4.442110509441151e-5 
4.0380975683336305e-5 
4.0381967428788824e-5 
4.0391893508024906e-5 
4.0536726646627756e-5 
4.0858508837724276e-5 
4.085496420088692e-5 
4.083609769334838e-5 
4.082664436582985e-5 
4.082574914206156e-5 
4.082489345091131e-5 
4.0823722916151046e-5 
4.082221074438093e-5 
4.082022480501835e-5 
4.0817488666630976e-5 
4.0813874765653025e-5 
4.080979837474956e-5 
4.0804953419922565e-5 
4.079880295768728e-5 
4.0790552123421764e-5 
4.0779450958604684e-5 
4.076475332722988e-5 
4.0746224845893944e-5 
4.072583453885087e-5 
4.07044431533838e-5 
4.068167589691714e-5 
4.065932802351986e-5 
4.0639708277119777e-5 
4.062229496301184e-5 
4.0606799195977955e-5 
4.059292194375794e-5 
4.058049909246432e-5 
4.0569067101303406e-5 
4.055847758028928e-5 
4.054853387631831e-5 
4.053911728831781e-5 
4.053030446918627e-5 
4.052197950874945e-5 
4.0514036178539045e-5 
4.0506476515977076e-5 
4.049937369900495e-5 
4.0492564767111297e-5 
4.0486040480728956e-5 
4.047983147727435e-5 
4.0473915388118214e-5 
4.046823999168129e-5 
4.046276453192482e-5 
4.045750342713209e-5 
4.045242268730231e-5 
4.044750098710173e-5 
4.0442752502908174e-5 
3.877407641904929e-5 
3.8774898240184413e-5 
3.8783112706552856e-5 
3.890232404788429e-5 
3.895102389650817e-5 
3.895006664082723e-5 
3.894984493634445e-5 
3.8949631493149665e-5 
3.8949330421408444e-5 
3.8948898123254255e-5 
3.89482781470816e-5 
3.894739022526668e-5 
3.8946121348243956e-5 
3.894433565205868e-5 
3.8942095414994435e-5 
3.893940135760645e-5 
3.89358407321514e-5 
3.893099644889399e-5 
3.892441157503994e-5 
3.8915539086771495e-5 
3.890365013110889e-5 
3.8887978079347964e-5 
3.887063052545322e-5 
3.885420003782137e-5 
3.88389576207564e-5 
3.882536697725948e-5 
3.881349882069351e-5 
3.880283938839182e-5 
3.879316448635658e-5 
3.878420641252099e-5 
3.877585408578655e-5 
3.876797816457903e-5 
3.876036035598415e-5 
3.8753037348024236e-5 
3.8746304974080655e-5 
3.874032418397826e-5 
3.8734939914129565e-5 
3.872999948370324e-5 
3.872544010912334e-5 
3.872112720639312e-5 
3.871698582704531e-5 
3.871303932219602e-5 
3.870924840208141e-5 
3.8705625969507677e-5 
3.870210361140778e-5 
3.869870189224726e-5 
3.869534286889703e-5 
3.869198549603656e-5 
3.86886215936138e-5 
3.868525213539141e-5 
3.7974701438585356e-5 
3.7975393935071996e-5 
3.798228628187381e-5 
3.801277836243256e-5 
3.801266565936022e-5 
3.801203553542001e-5 
3.800784089952905e-5 
3.800753300650059e-5 
3.800729185493746e-5 
3.800697064909997e-5 
3.800653004861015e-5 
3.800593254932665e-5 
3.8005151432411396e-5 
3.8004140563471355e-5 
3.800279926895895e-5 
3.800096733637663e-5 
3.799845596648776e-5 
3.799503609216485e-5 
3.799044700181437e-5 
3.7984458959732965e-5 
3.797702194608851e-5 
3.796851515078782e-5 
3.7960478648961973e-5 
3.79537906468239e-5 
3.794790035730105e-5 
3.794258025281362e-5 
3.793760805269965e-5 
3.7932834615321965e-5 
3.792847047419817e-5 
3.79246322126228e-5 
3.792117242061692e-5 
3.791791982580066e-5 
3.7914714877040326e-5 
3.791155561120709e-5 
3.790851253313836e-5 
3.79055769377531e-5 
3.7902739588011606e-5 
3.789995832453481e-5 
3.7897216036156385e-5 
3.789464277439058e-5 
3.7892284983449764e-5 
3.7890080341730486e-5 
3.788800513316502e-5 
3.78860175264292e-5 
3.788409384195254e-5 
3.788222066302498e-5 
3.788037355898448e-5 
3.7878501383713375e-5 
3.787655465058037e-5 
3.7874511544159784e-5 
3.758665594158346e-5 
3.758665592813137e-5 
3.7515411936959325e-5 
3.751541192897285e-5 
3.7494348703485734e-5 
3.7494348695116866e-5 
0.0002126222392423374 
0.0002126222392423374 
0.00021261584517776473 
0.00021262159959895254 
0.00021262217527712098 
0.00021262223285074475 
0.00021262223860408843 
0.0002126222392423374 
0.0003989910518542864 
0.00039899056220645815 
0.00039898566581609294 
0.00039891517578597563 
0.0003979036015107867 
0.00038398787802342547 
0.0002938797868224686 
0.0002558191595949064 
0.00022404241370617908 
0.00019587833634931 
0.00017154510312421102 
0.00015134989605590336 
0.00013553303195617872 
0.00012432405744200415 
0.00011695535186055093 
0.00011192742177916335 
0.00010795911215328151 
0.00010442570412676569 
0.0001009254259213389 
9.793229802918672e-5 
9.578302560054817e-5 
9.422400087297344e-5 
9.321920054394933e-5 
9.229252481970945e-5 
9.110658944013481e-5 
8.955149037895535e-5 
8.770588478501147e-5 
8.59121981606342e-5 
8.452992519116347e-5 
8.343659062744771e-5 
8.256846218123714e-5 
8.18116608780557e-5 
8.111810192750312e-5 
8.047886330213823e-5 
7.991498987261775e-5 
7.938746157587853e-5 
7.88436081951826e-5 
7.819659621845068e-5 
7.732849065618708e-5 
7.63840127686662e-5 
7.555491622461571e-5 
7.480866655695589e-5 
7.403115558010197e-5 
7.322721667377028e-5 
7.246228945661058e-5 
7.175087812653136e-5 
7.118489079897377e-5 
7.071188938945966e-5 
7.029260010106905e-5 
6.992473494461785e-5 
6.63872826285125e-5 
6.638728180201383e-5 
5.9609734468674306e-5 
5.960973261421053e-5 
5.630593018087896e-5 
5.630590915840604e-5 
5.630569893745214e-5 
5.630267247194482e-5 
5.625923349240884e-5 
5.566137440803608e-5 
5.513463167866755e-5 
5.057843903463344e-5 
4.921447345509008e-5 
4.8094710976687114e-5 
4.7125379458115076e-5 
4.6878278244366736e-5 
4.680323206541312e-5 
4.672804124197941e-5 
4.665265778743573e-5 
4.6576197058792484e-5 
4.649536144413401e-5 
4.6406727359547134e-5 
4.630955336442592e-5 
4.6203951725273e-5 
4.608674882487802e-5 
4.5961312946580416e-5 
4.5828834640221454e-5 
4.568718592144337e-5 
4.554887124560114e-5 
4.5419826098903334e-5 
4.529711115418877e-5 
4.5189148662848054e-5 
4.509712083031318e-5 
4.50164531305723e-5 
4.494630615955158e-5 
4.488476163586202e-5 
4.483041242459262e-5 
4.478235347857221e-5 
4.473999186848155e-5 
4.470201313347555e-5 
4.4668227260731345e-5 
4.4637573058394384e-5 
4.4610021268663745e-5 
4.4584746998002956e-5 
4.456176217420152e-5 
4.454085266280015e-5 
4.45215624972747e-5 
4.45038903562007e-5 
4.44875811704747e-5 
4.447228854473692e-5 
4.445810138302259e-5 
4.4444796355110866e-5 
4.443247066207096e-5 
4.442110509441151e-5 
4.0380975683336305e-5 
4.0381967428788824e-5 
4.0391893508024906e-5 
4.0536726646627756e-5 
4.0858508837724276e-5 
4.085496420088692e-5 
4.083609769334838e-5 
4.082664436582985e-5 
4.082574914206156e-5 
4.082489345091131e-5 
4.0823722916151046e-5 
4.082221074438093e-5 
4.082022480501835e-5 
4.0817488666630976e-5 
4.0813874765653025e-5 
4.080979837474956e-5 
4.0804953419922565e-5 
4.079880295768728e-5 
4.0790552123421764e-5 
4.0779450958604684e-5 
4.076475332722988e-5 
4.0746224845893944e-5 
4.072583453885087e-5 
4.07044431533838e-5 
4.068167589691714e-5 
4.065932802351986e-5 
4.0639708277119777e-5 
4.062229496301184e-5 
4.0606799195977955e-5 
4.059292194375794e-5 
4.058049909246432e-5 
4.0569067101303406e-5 
4.055847758028928e-5 
4.054853387631831e-5 
4.053911728831781e-5 
4.053030446918627e-5 
4.052197950874945e-5 
4.0514036178539045e-5 
4.0506476515977076e-5 
4.049937369900495e-5 
4.0492564767111297e-5 
4.0486040480728956e-5 
4.047983147727435e-5 
4.0473915388118214e-5 
4.046823999168129e-5 
4.046276453192482e-5 
4.045750342713209e-5 
4.045242268730231e-5 
4.044750098710173e-5 
4.0442752502908174e-5 
3.877407641904929e-5 
3.8774898240184413e-5 
3.8783112706552856e-5 
3.890232404788429e-5 
3.895102389650817e-5 
3.895006664082723e-5 
3.894984493634445e-5 
3.8949631493149665e-5 
3.8949330421408444e-5 
3.8948898123254255e-5 
3.89482781470816e-5 
3.894739022526668e-5 
3.8946121348243956e-5 
3.894433565205868e-5 
3.8942095414994435e-5 
3.893940135760645e-5 
3.89358407321514e-5 
3.893099644889399e-5 
3.892441157503994e-5 
3.8915539086771495e-5 
3.890365013110889e-5 
3.8887978079347964e-5 
3.887063052545322e-5 
3.885420003782137e-5 
3.88389576207564e-5 
3.882536697725948e-5 
3.881349882069351e-5 
3.880283938839182e-5 
3.879316448635658e-5 
3.878420641252099e-5 
3.877585408578655e-5 
3.876797816457903e-5 
3.876036035598415e-5 
3.8753037348024236e-5 
3.8746304974080655e-5 
3.874032418397826e-5 
3.8734939914129565e-5 
3.872999948370324e-5 
3.872544010912334e-5 
3.872112720639312e-5 
3.871698582704531e-5 
3.871303932219602e-5 
3.870924840208141e-5 
3.8705625969507677e-5 
3.870210361140778e-5 
3.869870189224726e-5 
3.869534286889703e-5 
3.869198549603656e-5 
3.86886215936138e-5 
3.868525213539141e-5 
3.7974701438585356e-5 
3.7975393935071996e-5 
3.798228628187381e-5 
3.801277836243256e-5 
3.801266565936022e-5 
3.801203553542001e-5 
3.800784089952905e-5 
3.800753300650059e-5 
3.800729185493746e-5 
3.800697064909997e-5 
3.800653004861015e-5 
3.800593254932665e-5 
3.8005151432411396e-5 
3.8004140563471355e-5 
3.800279926895895e-5 
3.800096733637663e-5 
3.799845596648776e-5 
3.799503609216485e-5 
3.799044700181437e-5 
3.7984458959732965e-5 
3.797702194608851e-5 
3.796851515078782e-5 
3.7960478648961973e-5 
3.79537906468239e-5 
3.794790035730105e-5 
3.794258025281362e-5 
3.793760805269965e-5 
3.7932834615321965e-5 
3.792847047419817e-5 
3.79246322126228e-5 
3.792117242061692e-5 
3.791791982580066e-5 
3.7914714877040326e-5 
3.791155561120709e-5 
3.790851253313836e-5 
3.79055769377531e-5 
3.7902739588011606e-5 
3.789995832453481e-5 
3.7897216036156385e-5 
3.789464277439058e-5 
3.7892284983449764e-5 
3.7890080341730486e-5 
3.788800513316502e-5 
3.78860175264292e-5 
3.788409384195254e-5 
3.788222066302498e-5 
3.788037355898448e-5 
3.7878501383713375e-5 
3.787655465058037e-5 
3.7874511544159784e-5 
3.758665594158346e-5 
3.758665592813137e-5 
3.7515411936959325e-5 
3.751541192897285e-5 
3.7494348703485734e-5 
3.7494348695116866e-5 
0.0002126222392423374 
0.00024560099791233643 
0.0002126222392423374 
0.0002126222392423374 
0.00021261584517776473 
0.00021262159959895254 
0.00021262217527712098 
0.00021262223285074475 
0.00021262223860408843 
0.0002126222392423374 
0.0003989910518542864 
0.00039899056220645815 
0.00039898566581609294 
0.00039891517578597563 
0.0003979036015107867 
0.00038398787802342547 
0.0002938797868224686 
0.0002558191595949064 
0.00022404241370617908 
0.00019587833634931 
0.00017154510312421102 
0.00015134989605590336 
0.00013553303195617872 
0.00012432405744200415 
0.00011695535186055093 
0.00011192742177916335 
0.00010795911215328151 
0.00010442570412676569 
0.0001009254259213389 
9.793229802918672e-5 
9.578302560054817e-5 
9.422400087297344e-5 
9.321920054394933e-5 
9.229252481970945e-5 
9.110658944013481e-5 
8.955149037895535e-5 
8.770588478501147e-5 
8.59121981606342e-5 
8.452992519116347e-5 
8.343659062744771e-5 
8.256846218123714e-5 
8.18116608780557e-5 
8.111810192750312e-5 
8.047886330213823e-5 
7.991498987261775e-5 
7.938746157587853e-5 
7.88436081951826e-5 
7.819659621845068e-5 
7.732849065618708e-5 
7.63840127686662e-5 
7.555491622461571e-5 
7.480866655695589e-5 
7.403115558010197e-5 
7.322721667377028e-5 
7.246228945661058e-5 
7.175087812653136e-5 
7.118489079897377e-5 
7.071188938945966e-5 
7.029260010106905e-5 
6.992473494461785e-5 
6.63872826285125e-5 
6.638728180201383e-5 
5.9609734468674306e-5 
5.960973261421053e-5 
5.630593018087896e-5 
5.630590915840604e-5 
5.630569893745214e-5 
5.630267247194482e-5 
5.625923349240884e-5 
5.566137440803608e-5 
5.513463167866755e-5 
5.057843903463344e-5 
4.921447345509008e-5 
4.8094710976687114e-5 
4.7125379458115076e-5 
4.6878278244366736e-5 
4.680323206541312e-5 
4.672804124197941e-5 
4.665265778743573e-5 
4.6576197058792484e-5 
4.649536144413401e-5 
4.6406727359547134e-5 
4.630955336442592e-5 
4.6203951725273e-5 
4.608674882487802e-5 
4.5961312946580416e-5 
4.5828834640221454e-5 
4.568718592144337e-5 
4.554887124560114e-5 
4.5419826098903334e-5 
4.529711115418877e-5 
4.5189148662848054e-5 
4.509712083031318e-5 
4.50164531305723e-5 
4.494630615955158e-5 
4.488476163586202e-5 
4.483041242459262e-5 
4.478235347857221e-5 
4.473999186848155e-5 
4.470201313347555e-5 
4.4668227260731345e-5 
4.4637573058394384e-5 
4.4610021268663745e-5 
4.4584746998002956e-5 
4.456176217420152e-5 
4.454085266280015e-5 
4.45215624972747e-5 
4.45038903562007e-5 
4.44875811704747e-5 
4.447228854473692e-5 
4.445810138302259e-5 
4.4444796355110866e-5 
4.443247066207096e-5 
4.442110509441151e-5 
4.0380975683336305e-5 
4.0381967428788824e-5 
4.0391893508024906e-5 
4.0536726646627756e-5 
4.0858508837724276e-5 
4.085496420088692e-5 
4.083609769334838e-5 
4.082664436582985e-5 
4.082574914206156e-5 
4.082489345091131e-5 
4.0823722916151046e-5 
4.082221074438093e-5 
4.082022480501835e-5 
4.0817488666630976e-5 
4.0813874765653025e-5 
4.080979837474956e-5 
4.0804953419922565e-5 
4.079880295768728e-5 
4.0790552123421764e-5 
4.0779450958604684e-5 
4.076475332722988e-5 
4.0746224845893944e-5 
4.072583453885087e-5 
4.07044431533838e-5 
4.068167589691714e-5 
4.065932802351986e-5 
4.0639708277119777e-5 
4.062229496301184e-5 
4.0606799195977955e-5 
4.059292194375794e-5 
4.058049909246432e-5 
4.0569067101303406e-5 
4.055847758028928e-5 
4.054853387631831e-5 
4.053911728831781e-5 
4.053030446918627e-5 
4.052197950874945e-5 
4.0514036178539045e-5 
4.0506476515977076e-5 
4.049937369900495e-5 
4.0492564767111297e-5 
4.0486040480728956e-5 
4.047983147727435e-5 
4.0473915388118214e-5 
4.046823999168129e-5 
4.046276453192482e-5 
4.045750342713209e-5 
4.045242268730231e-5 
4.044750098710173e-5 
4.0442752502908174e-5 
3.877407641904929e-5 
3.8774898240184413e-5 
3.8783112706552856e-5 
3.890232404788429e-5 
3.895102389650817e-5 
3.895006664082723e-5 
3.894984493634445e-5 
3.8949631493149665e-5 
3.8949330421408444e-5 
3.8948898123254255e-5 
3.89482781470816e-5 
3.894739022526668e-5 
3.8946121348243956e-5 
3.894433565205868e-5 
3.8942095414994435e-5 
3.893940135760645e-5 
3.89358407321514e-5 
3.893099644889399e-5 
3.892441157503994e-5 
3.8915539086771495e-5 
3.890365013110889e-5 
3.8887978079347964e-5 
3.887063052545322e-5 
3.885420003782137e-5 
3.88389576207564e-5 
3.882536697725948e-5 
3.881349882069351e-5 
3.880283938839182e-5 
3.879316448635658e-5 
3.878420641252099e-5 
3.877585408578655e-5 
3.876797816457903e-5 
3.876036035598415e-5 
3.8753037348024236e-5 
3.8746304974080655e-5 
3.874032418397826e-5 
3.8734939914129565e-5 
3.872999948370324e-5 
3.872544010912334e-5 
3.872112720639312e-5 
3.871698582704531e-5 
3.871303932219602e-5 
3.870924840208141e-5 
3.8705625969507677e-5 
3.870210361140778e-5 
3.869870189224726e-5 
3.869534286889703e-5 
3.869198549603656e-5 
3.86886215936138e-5 
3.868525213539141e-5 
3.7974701438585356e-5 
3.7975393935071996e-5 
3.798228628187381e-5 
3.801277836243256e-5 
3.801266565936022e-5 
3.801203553542001e-5 
3.800784089952905e-5 
3.800753300650059e-5 
3.800729185493746e-5 
3.800697064909997e-5 
3.800653004861015e-5 
3.800593254932665e-5 
3.8005151432411396e-5 
3.8004140563471355e-5 
3.800279926895895e-5 
3.800096733637663e-5 
3.799845596648776e-5 
3.799503609216485e-5 
3.799044700181437e-5 
3.7984458959732965e-5 
3.797702194608851e-5 
3.796851515078782e-5 
3.7960478648961973e-5 
3.79537906468239e-5 
3.794790035730105e-5 
3.794258025281362e-5 
3.793760805269965e-5 
3.7932834615321965e-5 
3.792847047419817e-5 
3.79246322126228e-5 
3.792117242061692e-5 
3.791791982580066e-5 
3.7914714877040326e-5 
3.791155561120709e-5 
3.790851253313836e-5 
3.79055769377531e-5 
3.7902739588011606e-5 
3.789995832453481e-5 
3.7897216036156385e-5 
3.789464277439058e-5 
3.7892284983449764e-5 
3.7890080341730486e-5 
3.788800513316502e-5 
3.78860175264292e-5 
3.788409384195254e-5 
3.788222066302498e-5 
3.788037355898448e-5 
3.7878501383713375e-5 
3.787655465058037e-5 
3.7874511544159784e-5 
3.758665594158346e-5 
3.758665592813137e-5 
3.7515411936959325e-5 
3.751541192897285e-5 
3.7494348703485734e-5 
3.7494348695116866e-5 
0.0002126222392423374 
0.0002077311471586522 
0.00020773033670996697 
0.00020773106587464155 
0.0002077311390282078 
0.00020773114634570325 
0.0002077311470795307 
0.0002077311471586522 
0.0003989910518542864 
0.00039899056220645815 
0.00039898566581609294 
0.00039891517578597563 
0.0003979036015107867 
0.00038398787802342547 
0.0002938797868224686 
0.0002558191595949064 
0.00022404241370617908 
0.00019587833634931 
0.00017154510312421102 
0.00015134989605590336 
0.00013553303195617872 
0.00012432405744200415 
0.00011695535186055093 
0.00011192742177916335 
0.00010795911215328151 
0.00010442570412676569 
0.0001009254259213389 
9.793229802918672e-5 
9.578302560054817e-5 
9.422400087297344e-5 
9.321920054394933e-5 
9.229252481970945e-5 
9.110658944013481e-5 
8.955149037895535e-5 
8.770588478501147e-5 
8.59121981606342e-5 
8.452992519116347e-5 
8.343659062744771e-5 
8.256846218123714e-5 
8.18116608780557e-5 
8.111810192750312e-5 
8.047886330213823e-5 
7.991498987261775e-5 
7.938746157587853e-5 
7.88436081951826e-5 
7.819659621845068e-5 
7.732849065618708e-5 
7.63840127686662e-5 
7.555491622461571e-5 
7.480866655695589e-5 
7.403115558010197e-5 
7.322721667377028e-5 
7.246228945661058e-5 
7.175087812653136e-5 
7.118489079897377e-5 
7.071188938945966e-5 
7.029260010106905e-5 
6.992473494461785e-5 
6.63872826285125e-5 
6.638728180201383e-5 
5.9609734468674306e-5 
5.960973261421053e-5 
5.630593018087896e-5 
5.630590915840604e-5 
5.630569893745214e-5 
5.630267247194482e-5 
5.625923349240884e-5 
5.566137440803608e-5 
5.513463167866755e-5 
5.057843903463344e-5 
4.921447345509008e-5 
4.8094710976687114e-5 
4.7125379458115076e-5 
4.6878278244366736e-5 
4.680323206541312e-5 
4.672804124197941e-5 
4.665265778743573e-5 
4.6576197058792484e-5 
4.649536144413401e-5 
4.6406727359547134e-5 
4.630955336442592e-5 
4.6203951725273e-5 
4.608674882487802e-5 
4.5961312946580416e-5 
4.5828834640221454e-5 
4.568718592144337e-5 
4.554887124560114e-5 
4.5419826098903334e-5 
4.529711115418877e-5 
4.5189148662848054e-5 
4.509712083031318e-5 
4.50164531305723e-5 
4.494630615955158e-5 
4.488476163586202e-5 
4.483041242459262e-5 
4.478235347857221e-5 
4.473999186848155e-5 
4.470201313347555e-5 
4.4668227260731345e-5 
4.4637573058394384e-5 
4.4610021268663745e-5 
4.4584746998002956e-5 
4.456176217420152e-5 
4.454085266280015e-5 
4.45215624972747e-5 
4.45038903562007e-5 
4.44875811704747e-5 
4.447228854473692e-5 
4.445810138302259e-5 
4.4444796355110866e-5 
4.443247066207096e-5 
4.442110509441151e-5 
4.0380975683336305e-5 
4.0381967428788824e-5 
4.0391893508024906e-5 
4.0536726646627756e-5 
4.0858508837724276e-5 
4.085496420088692e-5 
4.083609769334838e-5 
4.082664436582985e-5 
4.082574914206156e-5 
4.082489345091131e-5 
4.0823722916151046e-5 
4.082221074438093e-5 
4.082022480501835e-5 
4.0817488666630976e-5 
4.0813874765653025e-5 
4.080979837474956e-5 
4.0804953419922565e-5 
4.079880295768728e-5 
4.0790552123421764e-5 
4.0779450958604684e-5 
4.076475332722988e-5 
4.0746224845893944e-5 
4.072583453885087e-5 
4.07044431533838e-5 
4.068167589691714e-5 
4.065932802351986e-5 
4.0639708277119777e-5 
4.062229496301184e-5 
4.0606799195977955e-5 
4.059292194375794e-5 
4.058049909246432e-5 
4.0569067101303406e-5 
4.055847758028928e-5 
4.054853387631831e-5 
4.053911728831781e-5 
4.053030446918627e-5 
4.052197950874945e-5 
4.0514036178539045e-5 
4.0506476515977076e-5 
4.049937369900495e-5 
4.0492564767111297e-5 
4.0486040480728956e-5 
4.047983147727435e-5 
4.0473915388118214e-5 
4.046823999168129e-5 
4.046276453192482e-5 
4.045750342713209e-5 
4.045242268730231e-5 
4.044750098710173e-5 
4.0442752502908174e-5 
3.877407641904929e-5 
3.8774898240184413e-5 
3.8783112706552856e-5 
3.890232404788429e-5 
3.895102389650817e-5 
3.895006664082723e-5 
3.894984493634445e-5 
3.8949631493149665e-5 
3.8949330421408444e-5 
3.8948898123254255e-5 
3.89482781470816e-5 
3.894739022526668e-5 
3.8946121348243956e-5 
3.894433565205868e-5 
3.8942095414994435e-5 
3.893940135760645e-5 
3.89358407321514e-5 
3.893099644889399e-5 
3.892441157503994e-5 
3.8915539086771495e-5 
3.890365013110889e-5 
3.8887978079347964e-5 
3.887063052545322e-5 
3.885420003782137e-5 
3.88389576207564e-5 
3.882536697725948e-5 
3.881349882069351e-5 
3.880283938839182e-5 
3.879316448635658e-5 
3.878420641252099e-5 
3.877585408578655e-5 
3.876797816457903e-5 
3.876036035598415e-5 
3.8753037348024236e-5 
3.8746304974080655e-5 
3.874032418397826e-5 
3.8734939914129565e-5 
3.872999948370324e-5 
3.872544010912334e-5 
3.872112720639312e-5 
3.871698582704531e-5 
3.871303932219602e-5 
3.870924840208141e-5 
3.8705625969507677e-5 
3.870210361140778e-5 
3.869870189224726e-5 
3.869534286889703e-5 
3.869198549603656e-5 
3.86886215936138e-5 
3.868525213539141e-5 
3.7974701438585356e-5 
3.7975393935071996e-5 
3.798228628187381e-5 
3.801277836243256e-5 
3.801266565936022e-5 
3.801203553542001e-5 
3.800784089952905e-5 
3.800753300650059e-5 
3.800729185493746e-5 
3.800697064909997e-5 
3.800653004861015e-5 
3.800593254932665e-5 
3.8005151432411396e-5 
3.8004140563471355e-5 
3.800279926895895e-5 
3.800096733637663e-5 
3.799845596648776e-5 
3.799503609216485e-5 
3.799044700181437e-5 
3.7984458959732965e-5 
3.797702194608851e-5 
3.796851515078782e-5 
3.7960478648961973e-5 
3.79537906468239e-5 
3.794790035730105e-5 
3.794258025281362e-5 
3.793760805269965e-5 
3.7932834615321965e-5 
3.792847047419817e-5 
3.79246322126228e-5 
3.792117242061692e-5 
3.791791982580066e-5 
3.7914714877040326e-5 
3.791155561120709e-5 
3.790851253313836e-5 
3.79055769377531e-5 
3.7902739588011606e-5 
3.789995832453481e-5 
3.7897216036156385e-5 
3.789464277439058e-5 
3.7892284983449764e-5 
3.7890080341730486e-5 
3.788800513316502e-5 
3.78860175264292e-5 
3.788409384195254e-5 
3.788222066302498e-5 
3.788037355898448e-5 
3.7878501383713375e-5 
3.787655465058037e-5 
3.7874511544159784e-5 
3.758665594158346e-5 
3.758665592813137e-5 
3.7515411936959325e-5 
3.751541192897285e-5 
3.7494348703485734e-5 
3.7494348695116866e-5 
0.00509645855468608 
0.00021452642889996875 
0.00021452346322726763 
0.00021452613203434915 
0.00021452639921159782 
0.00021452642593107252 
0.00021452642860126492 
0.00021452642889996875 
0.0003989910518542864 
0.00039899056220645815 
0.00039898566581609294 
0.00039891517578597563 
0.0003979036015107867 
0.00038398787802342547 
0.0002938797868224686 
0.0002558191595949064 
0.00022404241370617908 
0.00019587833634931 
0.00017154510312421102 
0.00015134989605590336 
0.00013553303195617872 
0.00012432405744200415 
0.00011695535186055093 
0.00011192742177916335 
0.00010795911215328151 
0.00010442570412676569 
0.0001009254259213389 
9.793229802918672e-5 
9.578302560054817e-5 
9.422400087297344e-5 
9.321920054394933e-5 
9.229252481970945e-5 
9.110658944013481e-5 
8.955149037895535e-5 
8.770588478501147e-5 
8.59121981606342e-5 
8.452992519116347e-5 
8.343659062744771e-5 
8.256846218123714e-5 
8.18116608780557e-5 
8.111810192750312e-5 
8.047886330213823e-5 
7.991498987261775e-5 
7.938746157587853e-5 
7.88436081951826e-5 
7.819659621845068e-5 
7.732849065618708e-5 
7.63840127686662e-5 
7.555491622461571e-5 
7.480866655695589e-5 
7.403115558010197e-5 
7.322721667377028e-5 
7.246228945661058e-5 
7.175087812653136e-5 
7.118489079897377e-5 
7.071188938945966e-5 
7.029260010106905e-5 
6.992473494461785e-5 
6.63872826285125e-5 
6.638728180201383e-5 
5.9609734468674306e-5 
5.960973261421053e-5 
5.630593018087896e-5 
5.630590915840604e-5 
5.630569893745214e-5 
5.630267247194482e-5 
5.625923349240884e-5 
5.566137440803608e-5 
5.513463167866755e-5 
5.057843903463344e-5 
4.921447345509008e-5 
4.8094710976687114e-5 
4.7125379458115076e-5 
4.6878278244366736e-5 
4.680323206541312e-5 
4.672804124197941e-5 
4.665265778743573e-5 
4.6576197058792484e-5 
4.649536144413401e-5 
4.6406727359547134e-5 
4.630955336442592e-5 
4.6203951725273e-5 
4.608674882487802e-5 
4.5961312946580416e-5 
4.5828834640221454e-5 
4.568718592144337e-5 
4.554887124560114e-5 
4.5419826098903334e-5 
4.529711115418877e-5 
4.5189148662848054e-5 
4.509712083031318e-5 
4.50164531305723e-5 
4.494630615955158e-5 
4.488476163586202e-5 
4.483041242459262e-5 
4.478235347857221e-5 
4.473999186848155e-5 
4.470201313347555e-5 
4.4668227260731345e-5 
4.4637573058394384e-5 
4.4610021268663745e-5 
4.4584746998002956e-5 
4.456176217420152e-5 
4.454085266280015e-5 
4.45215624972747e-5 
4.45038903562007e-5 
4.44875811704747e-5 
4.447228854473692e-5 
4.445810138302259e-5 
4.4444796355110866e-5 
4.443247066207096e-5 
4.442110509441151e-5 
4.0380975683336305e-5 
4.0381967428788824e-5 
4.0391893508024906e-5 
4.0536726646627756e-5 
4.0858508837724276e-5 
4.085496420088692e-5 
4.083609769334838e-5 
4.082664436582985e-5 
4.082574914206156e-5 
4.082489345091131e-5 
4.0823722916151046e-5 
4.082221074438093e-5 
4.082022480501835e-5 
4.0817488666630976e-5 
4.0813874765653025e-5 
4.080979837474956e-5 
4.0804953419922565e-5 
4.079880295768728e-5 
4.0790552123421764e-5 
4.0779450958604684e-5 
4.076475332722988e-5 
4.0746224845893944e-5 
4.072583453885087e-5 
4.07044431533838e-5 
4.068167589691714e-5 
4.065932802351986e-5 
4.0639708277119777e-5 
4.062229496301184e-5 
4.0606799195977955e-5 
4.059292194375794e-5 
4.058049909246432e-5 
4.0569067101303406e-5 
4.055847758028928e-5 
4.054853387631831e-5 
4.053911728831781e-5 
4.053030446918627e-5 
4.052197950874945e-5 
4.0514036178539045e-5 
4.0506476515977076e-5 
4.049937369900495e-5 
4.0492564767111297e-5 
4.0486040480728956e-5 
4.047983147727435e-5 
4.0473915388118214e-5 
4.046823999168129e-5 
4.046276453192482e-5 
4.045750342713209e-5 
4.045242268730231e-5 
4.044750098710173e-5 
4.0442752502908174e-5 
3.877407641904929e-5 
3.8774898240184413e-5 
3.8783112706552856e-5 
3.890232404788429e-5 
3.895102389650817e-5 
3.895006664082723e-5 
3.894984493634445e-5 
3.8949631493149665e-5 
3.8949330421408444e-5 
3.8948898123254255e-5 
3.89482781470816e-5 
3.894739022526668e-5 
3.8946121348243956e-5 
3.894433565205868e-5 
3.8942095414994435e-5 
3.893940135760645e-5 
3.89358407321514e-5 
3.893099644889399e-5 
3.892441157503994e-5 
3.8915539086771495e-5 
3.890365013110889e-5 
3.8887978079347964e-5 
3.887063052545322e-5 
3.885420003782137e-5 
3.88389576207564e-5 
3.882536697725948e-5 
3.881349882069351e-5 
3.880283938839182e-5 
3.879316448635658e-5 
3.878420641252099e-5 
3.877585408578655e-5 
3.876797816457903e-5 
3.876036035598415e-5 
3.8753037348024236e-5 
3.8746304974080655e-5 
3.874032418397826e-5 
3.8734939914129565e-5 
3.872999948370324e-5 
3.872544010912334e-5 
3.872112720639312e-5 
3.871698582704531e-5 
3.871303932219602e-5 
3.870924840208141e-5 
3.8705625969507677e-5 
3.870210361140778e-5 
3.869870189224726e-5 
3.869534286889703e-5 
3.869198549603656e-5 
3.86886215936138e-5 
3.868525213539141e-5 
3.7974701438585356e-5 
3.7975393935071996e-5 
3.798228628187381e-5 
3.801277836243256e-5 
3.801266565936022e-5 
3.801203553542001e-5 
3.800784089952905e-5 
3.800753300650059e-5 
3.800729185493746e-5 
3.800697064909997e-5 
3.800653004861015e-5 
3.800593254932665e-5 
3.8005151432411396e-5 
3.8004140563471355e-5 
3.800279926895895e-5 
3.800096733637663e-5 
3.799845596648776e-5 
3.799503609216485e-5 
3.799044700181437e-5 
3.7984458959732965e-5 
3.797702194608851e-5 
3.796851515078782e-5 
3.7960478648961973e-5 
3.79537906468239e-5 
3.794790035730105e-5 
3.794258025281362e-5 
3.793760805269965e-5 
3.7932834615321965e-5 
3.792847047419817e-5 
3.79246322126228e-5 
3.792117242061692e-5 
3.791791982580066e-5 
3.7914714877040326e-5 
3.791155561120709e-5 
3.790851253313836e-5 
3.79055769377531e-5 
3.7902739588011606e-5 
3.789995832453481e-5 
3.7897216036156385e-5 
3.789464277439058e-5 
3.7892284983449764e-5 
3.7890080341730486e-5 
3.788800513316502e-5 
3.78860175264292e-5 
3.788409384195254e-5 
3.788222066302498e-5 
3.788037355898448e-5 
3.7878501383713375e-5 
3.787655465058037e-5 
3.7874511544159784e-5 
3.758665594158346e-5 
3.758665592813137e-5 
3.7515411936959325e-5 
3.751541192897285e-5 
3.7494348703485734e-5 
3.7494348695116866e-5 
-5.840061079417179e14 
1.4557017685809165e17 
-5.725966205582806e13 
-5.511738107328609e13 
-7.540022775798522e13 
1.2990656578398104e16 
-2.9607273479242844e14 
-1.415111974400053e14 
-1.030109112758911e14 
-6.649051821182836e13 
8.906666688656522e13 
-1.9917540747937156e13 
-2.375895970218825e13 
-3.974499549628919e14 
3.4637028499552516e13 
-1.7323209289649706e14 
-6.026534151387605e13 
-3.369844676808839e13 
-1.1900129385167979e13 
-1.4090985740508906e14 
-6.46293090865614e14 
-7.212011517655411e13 
-6.3207281215911266e13 
-3.3890659068971133e13 
-6.1337272146172625e13 
-2.737207613942893e13 
0.0003989910518542864 
0.00039899056220645815 
0.00039898566581609294 
0.00039891517578597563 
0.0003979036015107867 
0.0002634296092764781 
0.0002634152731429871 
0.00026342817541308186 
0.0002634294658880584 
0.0002634295949378388 
0.000263429607844455 
0.0002634296092764781 
0.00509645855468608 
0.005094554334039646 
0.0050755751292791505 
0.004813844759303123 
0.0025736194285761677 
60.1590413693967 
0.00509645855468608 
0.00022864593034326036 
0.0002286439488867483 
0.0002286457319633548 
0.0002286459105047961 
0.00022864592836062492 
0.00022864593014540685 
0.00022864593034326036 
0.0003961080960691642 
0.00039610761400044536 
0.00039610279339780596 
0.0003960333942307872 
0.00039503743880087725 
0.00038133013060824474 
0.0002921462765512468 
0.00025428588005641764 
0.00022263559305996694 
0.00019456977406859076 
0.00017030537656531183 
0.00015015099298666635 
0.00013442202761128902 
0.00012323950958033686 
0.00011581967956879789 
0.00011068866561606623 
0.00010661528147315976 
0.0001029562484434678 
9.934084296957586e-5 
9.635810660453075e-5 
9.42419597937768e-5 
9.272619503244335e-5 
9.174748939876548e-5 
9.085701829812669e-5 
8.97283077373272e-5 
8.824620864144968e-5 
8.646899352166414e-5 
8.471773235178528e-5 
8.334389820929347e-5 
8.225324417133033e-5 
8.137904296497661e-5 
8.06188848949449e-5 
7.992965611824705e-5 
7.929549224338268e-5 
7.873820695076633e-5 
7.821709991399011e-5 
7.769277764332533e-5 
7.7103746938246e-5 
7.631567275725906e-5 
7.533562634293884e-5 
7.445698702658883e-5 
7.369099887006626e-5 
7.293405276738011e-5 
7.219391612655395e-5 
7.151825004175877e-5 
7.090583333766115e-5 
7.040275208100862e-5 
6.995509056184824e-5 
6.954160215177529e-5 
6.91540367366207e-5 
6.565305128288578e-5 
6.56530504623101e-5 
5.897761066593393e-5 
5.8977608818458966e-5 
5.569322114513371e-5 
5.569320081924652e-5 
5.569299756345592e-5 
5.569007135081238e-5 
5.564806812915173e-5 
5.50693623684274e-5 
5.455794457987794e-5 
5.008300205807355e-5 
4.8705617336158716e-5 
4.7570090468877026e-5 
4.6583949710360793e-5 
4.631529238823428e-5 
4.62412377561269e-5 
4.616852114396198e-5 
4.6095648693257935e-5 
4.602200334579182e-5 
4.5943862635021e-5 
4.585798944307693e-5 
4.576367470907237e-5 
4.565954047934393e-5 
4.55440092348718e-5 
4.542010821844955e-5 
4.529027062233187e-5 
4.515074194160508e-5 
4.5013208232085327e-5 
4.488449527609541e-5 
4.476355152851465e-5 
4.465665899711082e-5 
4.4565823358499555e-5 
4.448809432586553e-5 
4.4419976673299374e-5 
4.436024234645317e-5 
4.4307763933140055e-5 
4.4261244424504266e-5 
4.422017397569006e-5 
4.4183228279107504e-5 
4.415015451477392e-5 
4.412025169191997e-5 
4.409314826071981e-5 
4.4068274079226287e-5 
4.404548847311012e-5 
4.402474752887869e-5 
4.4005746888109434e-5 
4.398844150628865e-5 
4.397252875507214e-5 
4.395771882104643e-5 
4.3943955325396314e-5 
4.393119298438174e-5 
4.391941221834912e-5 
4.390846507723932e-5 
3.996893135848886e-5 
3.9969895543244565e-5 
3.997954506186453e-5 
4.0120149837124007e-5 
4.043725359008839e-5 
4.043388651174858e-5 
4.04159407329615e-5 
4.0405449940686695e-5 
4.040459510665757e-5 
4.040377876224533e-5 
4.040265405759821e-5 
4.040118388245731e-5 
4.0399278674040025e-5 
4.039667006439999e-5 
4.039318414736635e-5 
4.0389275521943973e-5 
4.038462502930919e-5 
4.03787985621452e-5 
4.03709818331386e-5 
4.036034889850681e-5 
4.034610423099977e-5 
4.0328119022245575e-5 
4.030804734265315e-5 
4.028702842280338e-5 
4.0264907104543816e-5 
4.024314188573681e-5 
4.022376016150244e-5 
4.0206391873173614e-5 
4.019078652478411e-5 
4.0176599671736865e-5 
4.016363369191802e-5 
4.0151606058374224e-5 
4.0140368967302924e-5 
4.012985858723473e-5 
4.012011016319412e-5 
4.011099523897543e-5 
4.010236809806703e-5 
4.009425604968165e-5 
4.0086583827575825e-5 
4.007923149816191e-5 
4.0072269789956846e-5 
4.006555219026611e-5 
4.005913462290531e-5 
4.005297270518646e-5 
4.004699798045788e-5 
4.004125343671551e-5 
4.003574550124048e-5 
4.003038651078435e-5 
4.0025204789456494e-5 
4.0020167037830914e-5 
3.837441411442609e-5 
3.837524266114813e-5 
3.838352945820826e-5 
3.850396921713649e-5 
3.855801293165662e-5 
3.855684391612473e-5 
3.855661042566727e-5 
3.855638260300945e-5 
3.8556061378048235e-5 
3.8555600334441155e-5 
3.855493917587276e-5 
3.855399251671601e-5 
3.8552640122717046e-5 
3.8550749342786906e-5 
3.8548373370834193e-5 
3.854549421595509e-5 
3.854170790079568e-5 
3.853657750078467e-5 
3.852961875346038e-5 
3.8520348291319034e-5 
3.850854097772025e-5 
3.8494545582967755e-5 
3.848048115432212e-5 
3.846703756096941e-5 
3.845330213490457e-5 
3.843945338678456e-5 
3.842631136860078e-5 
3.84148556570092e-5 
3.840491963660209e-5 
3.839567118068302e-5 
3.8386849209411275e-5 
3.83787253508559e-5 
3.837154374406838e-5 
3.836511877751906e-5 
3.835912811772463e-5 
3.8353459284374655e-5 
3.8347976967582426e-5 
3.834271015667189e-5 
3.833774539640241e-5 
3.833309556854642e-5 
3.8328702515307364e-5 
3.832449918910094e-5 
3.832043270175501e-5 
3.831650275314213e-5 
3.831270563665485e-5 
3.8309020497331116e-5 
3.830546713582582e-5 
3.830203396290031e-5 
3.82986681780367e-5 
3.829537093453412e-5 
3.760207406958977e-5 
3.760278062448861e-5 
3.760981471129844e-5 
3.763463652902312e-5 
3.7634526002998915e-5 
3.7633910838287684e-5 
3.763132114244069e-5 
3.763103608849056e-5 
3.763078856990634e-5 
3.763044873568392e-5 
3.762997996364727e-5 
3.762936474339456e-5 
3.7628577966875964e-5 
3.762754288345225e-5 
3.7626129601812824e-5 
3.762417348384448e-5 
3.7621473917368806e-5 
3.761776588500386e-5 
3.761276917625097e-5 
3.760637196527517e-5 
3.7598849897358445e-5 
3.75905823570295e-5 
3.7581867922374586e-5 
3.7571462171560195e-5 
3.756311023917187e-5 
3.755607610816197e-5 
3.755608161184507e-5 
3.7556133770677116e-5 
3.7556163756549205e-5 
3.755042452681673e-5 
3.754517851236516e-5 
3.754049860655675e-5 
3.753649882430501e-5 
3.7532991252657206e-5 
3.7529768455382795e-5 
3.7526749859985865e-5 
3.752387521410392e-5 
3.7521064237895285e-5 
3.751836738775468e-5 
3.751586775815733e-5 
3.751354890024967e-5 
3.751136573580069e-5 
3.7509243242161937e-5 
3.7507128696193126e-5 
3.7505072072003856e-5 
3.750315629592328e-5 
3.750138880469e-5 
3.7499697324432316e-5 
3.7497987204602736e-5 
3.7496246546284597e-5 
3.722467234137804e-5 
3.722467232920413e-5 
3.7159692901948784e-5 
3.715969289415301e-5 
3.7141901102689105e-5 
3.714190109388385e-5 
0.00509645855468608 
